
Index    Rcvd     Predict   Expect
---------------------------------------
0        2523     2523      2523
1        2515     2515      2515
2        2055     2055      2055
3        2267     2267      2267
4        2379     2379      2379
5        2183     2183      2183
6        2003     2003      2003
7        1891     1891      1891
8        2143     2143      2143
9           0     2245      2223
10       2347     2347      2347
11       2143     2143      2143
12       1831     1831      1831
13          0     2019      2035
14          0     2207      2171
15       2395     2395      2395
16       2203     2203      2203
17       2307     2307      2307
18       2259     2259      2259
19       2335     2335      2335
20          0     2381      2371
21       2427     2427      2427
22       2303     2303      2303
23       2363     2363      2363
24       2291     2291      2291
25       2115     2115      2115
26       2075     2075      2075
27       2239     2239      2239
28       2299     2299      2299
29       2299     2299      2299
30       2219     2219      2219
31       2479     2479      2479
32       2531     2531      2531
33       2175     2175      2175
34       1979     1979      1979
35       2051     2051      2051
36       2155     2155      2155
37       2175     2175      2175
38       1431     1431      1431
39       2083     2083      2083
40          0     2267      2371
41          0     2451      2563
42       2635     2635      2635
43       2267     2267      2267
44       1911     1911      1911
45       1951     1951      1951
46       2163     2163      2163
47       2267     2267      2267
48       1891     1891      1891
49       1791     1791      1791
50       2219     2219      2219
51          0     2333      2375
52       2447     2447      2447
53       2415     2415      2415
54       2199     2199      2199
55       2003     2003      2003
56       2091     2091      2091
57          0     2124      2143
58          0     2157      2171
59          0     2190      1919
60       2223     2223      2223
61          0     2299      2295
62          0     2375      2391
63       2451     2451      2451
64       2359     2359      2359
65       1919     1919      1919
66       2147     2147      2147
67       2279     2279      2279
68       2315     2315      2315
69       1867     1867      1867
70       2147     2147      2147
71       2435     2435      2435
72       2547     2547      2547
73       2523     2523      2523
74       1951     1951      1951
75       2067     2067      2067
76       2247     2247      2247
77       2315     2315      2315
78       2103     2103      2103
79       2131     2131      2131
80       2311     2311      2311
81       2343     2343      2343
82       2447     2447      2447
83          0     2483      2475
84       2519     2519      2519
85       2227     2227      2227
86       1823     1823      1823
87       2139     2139      2139
88       2171     2171      2171
89       2315     2315      2315
90       2007     2007      2007
91       1807     1807      1807
92       2307     2307      2307
93          0     2417      2419
94       2527     2527      2527
95       2007     2007      2007
96       1823     1823      1823
97       2231     2231      2231
98       2459     2459      2459
99       1903     1903      1903
100      1451     1451      1451
101      2079     2079      2079
102      2435     2435      2435
103      2363     2363      2363
104      2407     2407      2407
105      2339     2339      2339
106      2475     2475      2475
107      2011     2011      2011
108      2007     2007      2007
109      1763     1763      1763
110      1807     1807      1807
111      2067     2067      2067
112      2259     2259      2259
113      2227     2227      2227
114      2227     2227      2227
115      1971     1971      1971
116      1467     1467      1467
117      1527     1527      1527
118      2219     2219      2219
119      2283     2283      2283
120      1927     1927      1927
121      2475     2475      2475
122      2231     2231      2231
123      2327     2327      2327
124      1695     1695      1695
125      1563     1563      1563
126      2275     2275      2275
127      2863     2863      2863
128      2335     2335      2335
129      2059     2059      2059
130      1915     1915      1915
131      2123     2123      2123
132      1859     1859      1859
133      2231     2231      2231
134      1883     1883      1883
135         0     2039      1999
136      2195     2195      2195
137      2415     2415      2415
138      2507     2507      2507
139      2547     2547      2547
140      1919     1919      1919
141      1779     1779      1779
142      2139     2139      2139
143         0     2215      2195
144      2291     2291      2291
145      2331     2331      2331
146      2048     2048      2048
147      1603     1603      1603
148      2095     2095      2095
149      2667     2667      2667
150      2731     2731      2731
151      2459     2459      2459
152      2159     2159      2159
153      2111     2111      2111
154      2031     2031      2031
155      2235     2235      2235
156      2347     2347      2347
157      1871     1871      1871
158      1559     1559      1559
159      1851     1851      1851
160      2631     2631      2631
161      2635     2635      2635
162      2619     2619      2619
163      2335     2335      2335
164      2111     2111      2111
165      2175     2175      2175
166      2179     2179      2179
167      2111     2111      2111
168      2103     2103      2103
169      2239     2239      2239
170      1791     1791      1791
171      1747     1747      1747
172      2163     2163      2163
173      2563     2563      2563
174      2587     2587      2587
175      2575     2575      2575
176      1963     1963      1963
177      1903     1903      1903
178         0     1969      2007
179      2035     2035      2035
180      2191     2191      2191
181      2311     2311      2311
182      1823     1823      1823
183         0     2233      2259
184      2643     2643      2643
185         0     2545      2771
186         0     2447      2435
187         0     2349      2219
188      2251     2251      2251
189      2051     2051      2051
190      2239     2239      2239
191      1991     1991      1991
192      1939     1939      1939
193      1999     1999      1999
194      2343     2343      2343
195         0     2463      2571
196      2583     2583      2583
197      2367     2367      2367
198         0     2189      2183
199      2011     2011      2011
200      2151     2151      2151
201      2295     2295      2295
202      2251     2251      2251
203         0     2263      2027
204         0     2275      2455
205         0     2287      2711
206         0     2299      2631
207         0     2311      2499
208      2323     2323      2323
209      1803     1803      1803
210      1915     1915      1915
211      2291     2291      2291
212      2247     2247      2247
213      2307     2307      2307
214      2379     2379      2379
215      2355     2355      2355
216      1967     1967      1967
217      1923     1923      1923
218      2347     2347      2347
219         0     2392      2495
220         0     2437      2699
221         0     2482      2503
222         0     2527      2387
223      2571     2571      2571
224      2259     2259      2259
225      2103     2103      2103
226      2259     2259      2259
227      2063     2063      2063
228      2135     2135      2135
229      2211     2211      2211
230      2235     2235      2235
231      2735     2735      2735
232      2419     2419      2419
233      2227     2227      2227
234      2123     2123      2123
235      2099     2099      2099
236      2255     2255      2255
237      2387     2387      2387
238      2287     2287      2287
239      2243     2243      2243
240      2087     2087      2087
241      1527     1527      1527
242      2435     2435      2435
243      2763     2763      2763
244      2275     2275      2275
245      1947     1947      1947
246      1963     1963      1963
247      1927     1927      1927
248      2219     2219      2219
249      2303     2303      2303
250      1835     1835      1835
251      2346     2346      2346
252      2779     2779      2779
253      2623     2623      2623
254      2127     2127      2127
255      1623     1623      1623
256      1971     1971      1971
257      2339     2339      2339
258      2139     2139      2139
259      2179     2179      2179
260      2415     2415      2415
261      2675     2675      2675
262      2587     2587      2587
263      2219     2219      2219
264      2011     2011      2011
265         0     1969      1991
266      1927     1927      1927
267      1955     1955      1955
268      2267     2267      2267
269      2279     2279      2279
270      2243     2243      2243
271      1915     1915      1915
272      2831     2831      2831
273         0     2699      2667
274         0     2568      2383
275         0     2437      2083
276         0     2306      1867
277      2175     2175      2175
278         0     2227      2219
279      2279     2279      2279
280      2295     2295      2295
281      2067     2067      2067
282      1631     1631      1631
283      1903     1903      1903
284      2427     2427      2427
285      2763     2763      2763
286      2675     2675      2675
287      2411     2411      2411
288      2351     2351      2351
289      2303     2303      2303
290      2287     2287      2287
291      2259     2259      2259
292      2263     2263      2263
293      2099     2099      2099
294      2183     2183      2183
295      2579     2579      2579
296      2755     2755      2755
297      2603     2603      2603
298      2491     2491      2491
299      2327     2327      2327
300      2339     2339      2339
301      2435     2435      2435
302      2463     2463      2463
303      2283     2283      2283
304      2079     2079      2079
305      2071     2071      2071
306      2331     2331      2331
307      2415     2415      2415
308         0     2483      2479
309      2551     2551      2551
310      2439     2439      2439
311      2527     2527      2527
312      2383     2383      2383
313         0     2309      2251
314      2235     2235      2235
315      2291     2291      2291
316      2327     2327      2327
317      2175     2175      2175
318      2075     2075      2075
319      2259     2259      2259
320      2399     2399      2399
321      2451     2451      2451
322      2511     2511      2511
323      2599     2599      2599
324      2495     2495      2495
325      1711     1711      1711
326      1495     1495      1495
327      2087     2087      2087
328      2051     2051      2051
329      2083     2083      2083
330      1707     1707      1707
331      1855     1855      1855
332      2163     2163      2163
333      2363     2363      2363
334      2387     2387      2387
335      2443     2443      2443
336      1967     1967      1967
337      1423     1423      1423
338      1959     1959      1959
339      2367     2367      2367
340      2243     2243      2243
341      2223     2223      2223
342         0     2273      1787
343         0     2323      1091
344         0     2372      1907
345         0     2421      2263
346         0     2470      2507
347      2519     2519      2519
348      2759     2759      2759
349      1059     1059      1059
350      1319     1319      1319
351      2531     2531      2531
352      2603     2603      2603
353      2351     2351      2351
354      2019     2019      2019
355      1507     1507      1507
356      1971     1971      1971
357      2503     2503      2503
358      1795     1795      1795
359      1479     1479      1479
360      1919     1919      1919
361      2399     2399      2399
362      1995     1995      1995
363      1883     1883      1883
364      1635     1635      1635
365      1671     1671      1671
366      2303     2303      2303
367      2543     2543      2543
368      2595     2595      2595
369      2471     2471      2471
370      1715     1715      1715
371      1075     1075      1075
372      1302     1302      1302
373      1867     1867      1867
374      1795     1795      1795
375      1695     1695      1695
376      1763     1763      1763
377      1550     1550      1550
378      2323     2323      2323
379      2343     2343      2343
380      2287     2287      2287
381      1335     1335      1335
382      1935     1935      1935
383      2179     2179      2179
384      1911     1911      1911
385      1499     1499      1499
386         0     1755      1807
387      2011     2011      2011
388      2619     2619      2619
389      2675     2675      2675
390      2635     2635      2635
391      2003     2003      2003
392      1423     1423      1423
393      1871     1871      1871
394      2159     2159      2159
395      1975     1975      1975
396      1627     1627      1627
397      1971     1971      1971
398      2423     2423      2423
399      2603     2603      2603
400      2515     2515      2515
401      1507     1507      1507
402      1823     1823      1823
403         0     1947      1907
404      2071     2071      2071
405      2115     2115      2115
406      2075     2075      2075
407      1331     1331      1331
408         0     1707      1555
409      2083     2083      2083
410      2671     2671      2671
411      2331     2331      2331
412      2175     2175      2175
413         0     2219      2343
414         0     2262      2115
415         0     2305      1278
416         0     2348      1891
417      2391     2391      2391
418      2635     2635      2635
419      2603     2603      2603
420      2471     2471      2471
421      1699     1699      1699
422      1351     1351      1351
423         0     1462      2251
424         0     1573      2371
425         0     1684      2299
426         0     1795      2351
427         0     1905      2311
428      2015     2015      2015
429      1983     1983      1983
430      2371     2371      2371
431      2307     2307      2307
432      1482     1482      1482
433         0     1522      2199
434         0     1562      2679
435         0     1602      2583
436         0     1641      1967
437         0     1680      1631
438      1719     1719      1719
439      2099     2099      2099
440      2187     2187      2187
441      2007     2007      2007
442      1947     1947      1947
443      1626     1626      1626
444      1771     1771      1771
445      2135     2135      2135
446      2583     2583      2583
447      2667     2667      2667
448      2183     2183      2183
449      1543     1543      1543
450      1511     1511      1511
451      1699     1699      1699
452      2255     2255      2255
453      2151     2151      2151
454      1599     1599      1599
455      1951     1951      1951
456      2483     2483      2483
457      2531     2531      2531
458      2671     2671      2671
459      2567     2567      2567
460      1471     1471      1471
461      1195     1195      1195
462      2407     2407      2407
463      2507     2507      2507
464      2427     2427      2427
465      2015     2015      2015
466      1763     1763      1763
467      2303     2303      2303
468         0     2535      2519
469      2767     2767      2767
470      2475     2475      2475
471      1463     1463      1463
472      1367     1367      1367
473      1975     1975      1975
474      2319     2319      2319
475      2419     2419      2419
476      2351     2351      2351
477      1167     1167      1167
478         0     1245      1935
479         0     1323      2467
480         0     1401      2603
481         0     1479      2455
482         0     1557      1087
483      1635     1635      1635
484      2339     2339      2339
485      2295     2295      2295
486      1919     1919      1919
487      1391     1391      1391
488      2255     2255      2255
489         0     2441      2419
490      2627     2627      2627
491      2555     2555      2555
492      1803     1803      1803
493      1150     1150      1150
494      1323     1323      1323
495      1915     1915      1915
496      2183     2183      2183
497         0     2287      2303
498      2391     2391      2391
499      1651     1651      1651
500      1118     1118      1118
501      1671     1671      1671
502      2407     2407      2407
503      2635     2635      2635
504      2615     2615      2615
505      1591     1591      1591
506      1419     1419      1419
507      1611     1611      1611
508      2035     2035      2035
509      2395     2395      2395
510      2031     2031      2031
511      1339     1339      1339
512      1967     1967      1967
513         0     2233      2307
514         0     2498      2579
515      2763     2763      2763
516      2199     2199      2199
517         0     2193      1679
518         0     2187      1395
519         0     2181      1855
520         0     2176      2103
521      2171     2171      2171
522         0     2061      2199
523      1951     1951      1951
524      1863     1863      1863
525      2383     2383      2383
526      2399     2399      2399
527      2615     2615      2615
528      2651     2651      2651
529      1715     1715      1715
530      1755     1755      1755
531      2007     2007      2007
532      2267     2267      2267
533      2111     2111      2111
534      1419     1419      1419
535      1279     1279      1279
536      2579     2579      2579
537      2435     2435      2435
538      2119     2119      2119
539      2251     2251      2251
540      2119     2119      2119
541      1447     1447      1447
542      1763     1763      1763
543      2631     2631      2631
544      2583     2583      2583
545      2263     2263      2263
546      1959     1959      1959
547      1651     1651      1651
548         0     1805      2227
549         0     1959      2207
550         0     2112      1503
551         0     2265      1779
552         0     2418      2343
553      2571     2571      2571
554      2419     2419      2419
555      1919     1919      1919
556      1651     1651      1651
557      1707     1707      1707
558      2083     2083      2083
559      2243     2243      2243
560         0     2111      2115
561      1979     1979      1979
562      1751     1751      1751
563      1755     1755      1755
564         0     2041      2063
565         0     2326      2291
566      2611     2611      2611
567      2611     2611      2611
568         0     2131      1959
569      1651     1651      1651
570         0     1883      1687
571         0     2115      2251
572      2347     2347      2347
573         0     2067      1199
574      1787     1787      1787
575      1855     1855      1855
576      2411     2411      2411
577         0     2529      2507
578      2647     2647      2647
579      2515     2515      2515
580      2271     2271      2271
581      1591     1591      1591
582      1559     1559      1559
583      1923     1923      1923
584      2267     2267      2267
585      2407     2407      2407
586      1795     1795      1795
587      1495     1495      1495
588      2355     2355      2355
589      2599     2599      2599
590      2675     2675      2675
591      1591     1591      1591
592      1266     1266      1266
593      2171     2171      2171
594      2131     2131      2131
595      2259     2259      2259
596      1186     1186      1186
597      2171     2171      2171
598         0     2511      2427
599      2851     2851      2851
600      2831     2831      2831
601      2019     2019      2019
602      1959     1959      1959
603      2235     2235      2235
604      2231     2231      2231
605      2048     2048      2048
606      1691     1691      1691
607      2227     2227      2227
608      2543     2543      2543
609      2651     2651      2651
610      2351     2351      2351
611      1535     1535      1535
612      1639     1639      1639
613      2167     2167      2167
614      2351     2351      2351
615      2087     2087      2087
616      1599     1599      1599
617      2251     2251      2251
618      2455     2455      2455
619      2491     2491      2491
620      2379     2379      2379
621      1727     1727      1727
622      2087     2087      2087
623      2167     2167      2167
624      2151     2151      2151
625      2127     2127      2127
626      1759     1759      1759
627      1631     1631      1631
628      2339     2339      2339
629      2651     2651      2651
630      2607     2607      2607
631      2059     2059      2059
632      1711     1711      1711
633      1731     1731      1731
634      2007     2007      2007
635      2339     2339      2339
636      1671     1671      1671
637      1739     1739      1739
638      2175     2175      2175
639      2483     2483      2483
640      2507     2507      2507
641      2475     2475      2475
642      2343     2343      2343
643      2407     2407      2407
644      2327     2327      2327
645      2123     2123      2123
646      2139     2139      2139
647      1947     1947      1947
648      1775     1775      1775
649      2619     2619      2619
650      2951     2951      2951
651      2231     2231      2231
652      1991     1991      1991
653      1655     1655      1655
654      2059     2059      2059
655      2203     2203      2203
656      2203     2203      2203
657      2307     2307      2307
658      1179     1179      1179
659      1955     1955      1955
660         0     2313      2327
661      2671     2671      2671
662      2307     2307      2307
663         0     2270      1631
664         0     2233      1575
665         0     2196      1803
666         0     2159      2139
667         0     2123      2155
668      2087     2087      2087
669      1703     1703      1703
670      1607     1607      1607
671      1703     1703      1703
672      2359     2359      2359
673      2703     2703      2703
674      2383     2383      2383
675      1831     1831      1831
676      1567     1567      1567
677      2235     2235      2235
678      2119     2119      2119
679      2179     2179      2179
680      1391     1391      1391
681      1635     1635      1635
682      2259     2259      2259
683      2611     2611      2611
684      2663     2663      2663
685      2327     2327      2327
686      1971     1971      1971
687      1707     1707      1707
688      1819     1819      1819
689      2049     2049      2049
690      2015     2015      2015
691      1971     1971      1971
692      1719     1719      1719
693      1499     1499      1499
694      2235     2235      2235
695      2635     2635      2635
696      2551     2551      2551
697         0     2533      2019
698         0     2515      1555
699         0     2497      1091
700         0     2479      1923
701         0     2461      2227
702         0     2444      2447
703      2427     2427      2427
704      1214     1214      1214
705      1895     1895      1895
706      2451     2451      2451
707      2595     2595      2595
708      2095     2095      2095
709      1719     1719      1719
710      1899     1899      1899
711      2443     2443      2443
712      1883     1883      1883
713      1379     1379      1379
714      1811     1811      1811
715      2379     2379      2379
716      2627     2627      2627
717      2455     2455      2455
718      1947     1947      1947
719      1639     1639      1639
720      2147     2147      2147
721      2187     2187      2187
722      1907     1907      1907
723         0     1837      1603
724         0     1767      1427
725         0     1698      2571
726         0     1629      2591
727         0     1560      1791
728      1491     1491      1491
729      2191     2191      2191
730      2263     2263      2263
731      2175     2175      2175
732      1022     1022      1022
733      2295     2295      2295
734      2671     2671      2671
735      2699     2699      2699
736      2151     2151      2151
737      2219     2219      2219
738      1987     1987      1987
739      1519     1519      1519
740         0     1882      1895
741         0     2245      2243
742      2607     2607      2607
743      2507     2507      2507
744      1699     1699      1699
745      2283     2283      2283
746      2283     2283      2283
747      2343     2343      2343
748      2355     2355      2355
749      2395     2395      2395
750      2351     2351      2351
751      2263     2263      2263
752      1859     1859      1859
753      1859     1859      1859
754         0     2057      2119
755         0     2254      2283
756      2451     2451      2451
757      2543     2543      2543
758      2387     2387      2387
759      2263     2263      2263
760      2335     2335      2335
761      2259     2259      2259
762         0     2149      2203
763      2039     2039      2039
764      2031     2031      2031
765      2163     2163      2163
766      2395     2395      2395
767      2403     2403      2403
768         0     2199      2095
769      1995     1995      1995
770         0     1997      1979
771         0     1999      2431
772         0     2001      2203
773      2003     2003      2003
774      2123     2123      2123
775      2287     2287      2287
776      2291     2291      2291
777      1635     1635      1635
778      2147     2147      2147
779         0     2421      2471
780      2695     2695      2695
781      2555     2555      2555
782      1883     1883      1883
783      1995     1995      1995
784      2403     2403      2403
785      1923     1923      1923
786      2571     2571      2571
787      2499     2499      2499
788      2455     2455      2455
789      1871     1871      1871
790      1351     1351      1351
791      2151     2151      2151
792         0     2267      2267
793      2383     2383      2383
794      2183     2183      2183
795      1403     1403      1403
796      1975     1975      1975
797         0     2275      2347
798      2575     2575      2575
799      2435     2435      2435
800      1847     1847      1847
801      2023     2023      2023
802      2035     2035      2035
803      2335     2335      2335
804      1547     1547      1547
805      1539     1539      1539
806      2419     2419      2419
807      2643     2643      2643
808      2295     2295      2295
809      1943     1943      1943
810      1851     1851      1851
811      2095     2095      2095
812         0     2257      2259
813      2419     2419      2419
814      1943     1943      1943
815      1527     1527      1527
816      2227     2227      2227
817         0     2525      2611
818      2823     2823      2823
819      1915     1915      1915
820      1579     1579      1579
821      2111     2111      2111
822         0     2231      2239
823      2351     2351      2351
824      1847     1847      1847
825      1554     1554      1554
826      1955     1955      1955
827      2567     2567      2567
828      2783     2783      2783
829      2679     2679      2679
830      1995     1995      1995
831      1663     1663      1663
832      1771     1771      1771
833      2371     2371      2371
834      2443     2443      2443
835      1482     1482      1482
836      2011     2011      2011
837      2699     2699      2699
838      2571     2571      2571
839      1487     1487      1487
840      1843     1843      1843
841         0     2091      2155
842      2339     2339      2339
843      1447     1447      1447
844      1435     1435      1435
845      2151     2151      2151
846      2311     2311      2311
847         0     2349      2351
848      2387     2387      2387
849      2311     2311      2311
850      2247     2247      2247
851      1971     1971      1971
852      1795     1795      1795
853      2048     2048      2048
854         0     2222      2167
855      2395     2395      2395
856      2559     2559      2559
857      2035     2035      2035
858      2011     2011      2011
859      2163     2163      2163
860      2363     2363      2363
861      2531     2531      2531
862      2379     2379      2379
863      1827     1827      1827
864      2275     2275      2275
865      2447     2447      2447
866      2167     2167      2167
867      2027     2027      2027
868      1991     1991      1991
869      2251     2251      2251
870      2559     2559      2559
871      2507     2507      2507
872      1927     1927      1927
873      1983     1983      1983
874      1991     1991      1991
875      2299     2299      2299
876      2383     2383      2383
877      2055     2055      2055
878      1955     1955      1955
879      2679     2679      2679
880      2563     2563      2563
881      1935     1935      1935
882      1887     1887      1887
883      1895     1895      1895
884      2219     2219      2219
885      2267     2267      2267
886      2227     2227      2227
887      2059     2059      2059
888      1555     1555      1555
889      2511     2511      2511
890      2715     2715      2715
891      2451     2451      2451
892      1731     1731      1731
893      1667     1667      1667
894      2131     2131      2131
895      2143     2143      2143
896      2351     2351      2351
897      2343     2343      2343
898      1831     1831      1831
899      1635     1635      1635
900      2519     2519      2519
901      2603     2603      2603
902      2527     2527      2527
903      1923     1923      1923
904      1851     1851      1851
905      1939     1939      1939
906      2143     2143      2143
907      2343     2343      2343
908      2083     2083      2083
909      2203     2203      2203
910      2515     2515      2515
911      2571     2571      2571
912      1823     1823      1823
913      1747     1747      1747
914      2071     2071      2071
915      2099     2099      2099
916      2187     2187      2187
917      2347     2347      2347
918      1859     1859      1859
919      1655     1655      1655
920      2131     2131      2131
921      2363     2363      2363
922      1931     1931      1931
923      2103     2103      2103
924         0     2257      2167
925      2411     2411      2411
926      2059     2059      2059
927      1959     1959      1959
928      2183     2183      2183
929      2551     2551      2551
930      2611     2611      2611
931      1847     1847      1847
932      2131     2131      2131
933      2351     2351      2351
934      2303     2303      2303
935      2007     2007      2007
936      1991     1991      1991
937      2439     2439      2439
938      2499     2499      2499
939      2519     2519      2519
940      1867     1867      1867
941      1871     1871      1871
942      2339     2339      2339
943         0     2301      2375
944      2263     2263      2263
945         0     2286      2143
946         0     2309      1751
947         0     2332      2179
948      2355     2355      2355
949      2327     2327      2327
950      2311     2311      2311
951      2287     2287      2287
952      2355     2355      2355
953      2379     2379      2379
954      2291     2291      2291
955      2059     2059      2059
956      2067     2067      2067
957      2467     2467      2467
958         0     2479      2563
959         0     2491      2459
960         0     2502      2167
961         0     2513      2123
962         0     2524      2239
963      2535     2535      2535
964      2035     2035      2035
965      2027     2027      2027
966      2135     2135      2135
967      2291     2291      2291
968      2379     2379      2379
969      2167     2167      2167
970      2183     2183      2183
971      2383     2383      2383
972      2555     2555      2555
973      2331     2331      2331
974      2043     2043      2043
975      2183     2183      2183
976      2311     2311      2311
977      2331     2331      2331
978      1895     1895      1895
979      2195     2195      2195
980      2535     2535      2535
981      2667     2667      2667
982      2327     2327      2327
983      1963     1963      1963
984      2067     2067      2067
985      2039     2039      2039
986      2023     2023      2023
987         0     2137      2147
988      2251     2251      2251
989      2643     2643      2643
990      2603     2603      2603
991      1875     1875      1875
992      2099     2099      2099
993      2319     2319      2319
994      2139     2139      2139
995      2251     2251      2251
996      2715     2715      2715
997         0     2715      2383
998         0     2715      2211
999         0     2715      1995
Priority Packets Received 243.
non-Priority Packets Received 0.
Total packets received 243.
